image: map_final.jpg
resolution: 0.010416666666666666 # real width /image width 
origin: [0.0, 0.0, 0.000000]

